5667032
8966917
7173635
5534475
7772455
9225902
6034654
5585242
8533783
6878898
4482276
4123776
7101867
6694422
1767979
6566631
1934039
3160414
9440444
8047135
4759159
3384180
8717547
1099371
9587273
6604709
7112405
7437504
3955414
9581979
5793841
8513558
5964764
3309968
8468387
8398288
8010828
4508032
4537637
9366430
5744548
8346510
5523101
9105185
4557904
1420390
5881072
9072031
9234883
6840776
4425003
4558456
7489508
6014843
8753403
4647372
4835465
2508869
9836283
9155861
6505007
3552696
6295433
9381418
8170051
2924972
1510234
3115627
6066358
6655113
2569342
4885576
4234027
1264230
1891537
7576536
2564638
3937594
8508069
6222275
4968981
4077180
8036946
2430558
6246991
3870265
2138006
3134758
2714373
1662960
5344255
6002787
2783886
6892805
2182516
5416666
5573714
5220396
1978618
7591070
6641321
6819586
5182763
5185711
8702440
2561798
3856314
8593468
7106491
1102409
8321430
5063111
3991597
7306758
8985506
9461147
9148396
8299413
4022032
5987874
5488579
9587820
1702104
5225653
8775151
8798825
9333991
8540320
7722332
2308040
1744986
5160344
7838611
3115999
4713378
4915553
8888046
5999921
7252565
1687949
4831826
2614152
7560574
1007967
6985771
1525879
5602817
2244957
2312900
4797572
4954270
5235049
5580437
3336055
1141853
4616794
1920945
5013082
3773595
8717915
7971603
8922880
4789766
1237846
4509295
1059387
5123763
7591548
4180141
7597147
3233358
9603388
7698125
7193007
3598854
6196550
7889899
7048176
6661822
8672379
9949329
7049045
7328478
9334604
3224770
3253289
2628147
6394783
4373678
8554466
9929406
9913958
9884110
7665341
6681547
8574148
2031743
4311397
3100210
6345402
3183355
7902803
6965239
2018928
1711796
6792894
2853116
3310515
4420028
9549638
6925405
6585187
9569342
3780979
4787756
6947157
2331922
1192940
9949897
7748584
9297755
9130283
6505730
5647105
4942262
7439658
5246869
3850195
3764062
1060014
9494555
1286784
2212208
4485373
1208377
4591688
9536934
6572100
2115484
2747694
1395490
2092985
9292070
2206953
1250358
6408465
8766188
8934182
3211655
4392621
8400904
2053307
1692899
5707592
6667650
1088252
6682333
9852884
1996752
6819264
2100654
3427392
3511369
6369281
3999600
3894043
9900484
6593188
2693322
6425783
3654714
7622410
3219950
4093155
7915827
9340059
1800932
5740261
6645335
1334457
6253755
2692856
6264770
4785231
1923432
5350506
1160383
9218484
2603253
8748121
4381682
9116265
2303768
6731251
4634950
4901390
6841126
1209825
6492468
6269296
1817547
